118,10
0,386
0,536
0,535
0,534
0,243
207,35
0,273
0,270
3,2
3,1
3,3
10,216
10,228
10,134
10,166
10,98
10,306
10,160
9,4
9,6
8,9
8,16
8,14
8,11
8,2
141,2
141,0
140,3
140,2
140,1
140,0
122,5
122,4
122,3
122,2
122,1
118,11
118,9
118,8
118,7
118,6
118,5
118,4
118,3
118,2
118,1
118,0
114,3
114,2
114,1
114,0
113,4
113,3
113,2
113,1
113,0
112,4
112,3
112,2
112,1
112,0
90,3
90,2
90,1
90,0
20,3
20,2
20,1
19,3
19,2
19,1
12,3
12,2
12,1
11,29
11,28
11,27
11,26
11,25
11,24
11,23
11,22
11,21
11,20
18,1
11,19
18,3
11,18
11,17
11,16
11,15
11,14
11,13
11,12
11,11
11,10
11,9
11,8
11,7
11,6
11,5
11,4
11,3
11,2
11,1
10,313
10,309
10,307
10,305
10,304
10,302
10,299
10,289
10,285
10,281
10,279
10,271
10,269
10,179
10,147
10,99
